# oST version 5.0 parameters


[image]

width
640

height
480

[narrow_stereo]

camera matrix
521.146486 0.000000 296.540244
0.000000 515.057076 245.243805
0.000000 0.000000 1.000000

distortion
-0.405916 0.149685 0.001685 -0.000956 0.000000

rectification
1.000000 0.000000 0.000000
0.000000 1.000000 0.000000
0.000000 0.000000 1.000000

projection
424.810547 0.000000 284.315098 0.000000
0.000000 463.988586 247.363548 0.000000
0.000000 0.000000 1.000000 0.000000

